3 | John Smith | 15 | 5 | 1980 | 1001 | 0 | Manager | 1.00 | 50000 | 1 | 1 | 2020 | 31 | 12 | 2025 | Senior Developer | 1.00 | 40000 | 1 | 1 | 2020 | 31 | 12 | 2023 | Junior Developer | 0.75 | 30000 | 1 | 1 | 2020 | 31 | 12 | 2021
1 | Emily Johnson | 22 | 7 | 1985 | 1002 | 0 | HR Director | 1.00 | 45000 | 1 | 6 | 2019 | 31 | 12 | 2024
2 | Michael Brown | 10 | 3 | 1990 | 1003 | 1 | Software Engineer | 1.00 | 42000 | 1 | 1 | 2021 | 31 | 12 | 2023 | Team Lead | 1.00 | 48000 | 1 | 1 | 2023 | 31 | 12 | 2025
1 | Sarah Wilson | 5 | 9 | 1992 | 1004 | 2 | Consultant | 0.50 | 25000 | 1 | 3 | 2022 | 31 | 12 | 2023
1 | David Lee | 18 | 11 | 1988 | 1005 | 0 | CFO | 1.00 | 60000 | 1 | 1 | 2018 | 31 | 12 | 2025
2 | Jennifer Davis | 25 | 2 | 1991 | 1006 | 0 | Marketing Manager | 1.00 | 38000 | 1 | 1 | 2020 | 31 | 12 | 2022 | Product Manager | 1.00 | 45000 | 1 | 1 | 2022 | 31 | 12 | 2024
1 | Robert Miller | 12 | 4 | 1987 | 1007 | 3 | Intern | 0.25 | 10000 | 1 | 6 | 2023 | 31 | 12 | 2023
1 | Jessica Wilson | 30 | 8 | 1993 | 1008 | 1 | UX Designer | 0.80 | 32000 | 1 | 1 | 2021 | 31 | 12 | 2023
3 | William Taylor | 14 | 1 | 1985 | 1009 | 0 | CTO | 1.00 | 55000 | 1 | 1 | 2019 | 31 | 12 | 2025 | Developer | 1.00 | 40000 | 1 | 1 | 2017 | 31 | 12 | 2019 | Architect | 1.00 | 50000 | 1 | 1 | 2019 | 31 | 12 | 2021
1 | Olivia Anderson | 7 | 12 | 1990 | 1010 | 0 | Sales Manager | 1.00 | 35000 | 1 | 1 | 2022 | 31 | 12 | 2024
2 | James Thomas | 19 | 6 | 1989 | 1011 | 0 | QA Engineer | 1.00 | 38000 | 1 | 1 | 2021 | 31 | 12 | 2023 | QA Lead | 1.00 | 45000 | 1 | 1 | 2023 | 31 | 12 | 2025
1 | Sophia White | 3 | 10 | 1994 | 1012 | 3 | Intern | 0.30 | 12000 | 1 | 6 | 2023 | 31 | 12 | 2023
1 | Daniel Harris | 28 | 2 | 1986 | 1013 | 2 | Contractor | 0.60 | 30000 | 1 | 3 | 2022 | 31 | 12 | 2023
2 | Ava Martin | 15 | 7 | 1991 | 1014 | 0 | Data Analyst | 1.00 | 42000 | 1 | 1 | 2021 | 31 | 12 | 2023 | Data Scientist | 1.00 | 48000 | 1 | 1 | 2023 | 31 | 12 | 2025
1 | Matthew Thompson | 22 | 4 | 1988 | 1015 | 0 | DevOps Engineer | 1.00 | 47000 | 1 | 1 | 2020 | 31 | 12 | 2025